2 -1.29827
4 -1.29373
6 -1.29827
8 -1.2988
10 -1.298
12 -1.2968
14 -1.2964
16 -1.29773
18 -1.28947
20 -1.28787
22 -1.298
24 -1.29747
26 -1.30253
28 -1.2932
30 -1.2748
32 -1.29133
34 -1.2908
36 -1.26293
38 -1.28973
40 -1.2836
42 -1.2868
44 -1.30147
46 -1.29827
48 -1.29267
50 -1.29587
52 -1.2964
54 -1.3004
56 -1.2996
58 -1.29027
60 -1.2868
62 -1.28707
64 -1.2792
66 -1.26067
68 -1.26
70 -1.25747
72 -1.25347
74 -1.26653
76 -1.2544
78 -1.25067
80 -1.27293
82 -1.28307
84 -1.29733
86 -1.27707
88 -1.266
90 -1.2568
92 -1.27093
94 -1.24347
96 -1.24293
98 -1.25307
100 -1.24827
102 -1.2624
104 -1.2628
106 -1.25587
108 -1.2552
110 -1.26
112 -1.26773
114 -1.26373
116 -1.27053
118 -1.2868
120 -1.26653
122 -1.25667
124 -1.2544
126 -1.25747
128 -1.2552
130 -1.244
132 -1.2576
134 -1.26213
136 -1.26133
138 -1.25787
140 -1.2536
142 -1.27187
144 -1.252
146 -1.26027
148 -1.2652
150 -1.25027
152 -1.2712
154 -1.27
156 -1.28307
158 -1.28867
160 -1.2972
162 -1.3052
164 -1.28827
166 -1.27813
168 -1.27107
170 -1.27427
172 -1.25747
174 -1.2628
176 -1.26053
178 -1.27667
180 -1.28373
182 -1.2616
184 -1.2668
186 -1.27733
188 -1.26253
190 -1.26347
192 -1.27187
194 -1.27693
196 -1.27613
198 -1.28813
200 -1.2848
202 -1.28867
204 -1.27133
206 -1.25707
208 -1.26173
210 -1.26747
212 -1.26893
214 -1.25453
216 -1.26467
218 -1.2812
220 -1.2784
222 -1.27773
224 -1.27587
226 -1.28733
228 -1.2872
230 -1.29587
232 -1.29693
234 -1.30173
236 -1.30467
238 -1.27147
240 -1.27053
242 -1.28813
244 -1.3012
246 -1.28813
248 -1.2996
250 -1.27507
252 -1.27413
254 -1.28413
256 -1.27267
258 -1.2964
260 -1.2752
262 -1.24813
264 -1.2732
266 -1.29867
268 -1.2676
270 -1.2664
272 -1.27413
274 -1.2672
276 -1.25387
278 -1.25893
280 -1.2384
282 -1.24987
284 -1.26
286 -1.26373
288 -1.26453
290 -1.26427
292 -1.24427
294 -1.25947
296 -1.24627
298 -1.2628
300 -1.2804
302 -1.28653
304 -1.2756
306 -1.27213
308 -1.25893
310 -1.2568
312 -1.2696
314 -1.28307
316 -1.2836
318 -1.27813
320 -1.29267
322 -1.28867
324 -1.3116
326 -1.30173
328 -1.29373
330 -1.29933
332 -1.29427
334 -1.29187
336 -1.29293
338 -1.29507
340 -1.30173
342 -1.29333
344 -1.298
346 -1.28627
348 -1.2892
350 -1.272
352 -1.27667
354 -1.29827
356 -1.29373
358 -1.29907
360 -1.30147
362 -1.2772
364 -1.27533
366 -1.282
368 -1.30093
370 -1.29347
372 -1.28387
374 -1.27173
376 -1.27853
378 -1.29187
380 -1.26507
382 -1.28573
384 -1.29907
386 -1.29347
388 -1.28947
390 -1.2924
392 -1.29307
394 -1.29027
396 -1.29187
398 -1.29613
400 -1.294
402 -1.28893
404 -1.27747
406 -1.26747
408 -1.27
410 -1.26973
412 -1.2764
414 -1.2732
416 -1.2772
418 -1.26387
420 -1.25413
422 -1.25627
424 -1.26773
426 -1.264
428 -1.26707
430 -1.26347
432 -1.26173
434 -1.26387
436 -1.2496
438 -1.26213
440 -1.26533
442 -1.2604
444 -1.264
446 -1.25707
448 -1.268
450 -1.25707
452 -1.2444
454 -1.24507
456 -1.2604
458 -1.26027
460 -1.26813
462 -1.2636
464 -1.26707
466 -1.25653
468 -1.24133
470 -1.25947
472 -1.2624
474 -1.2656
476 -1.25493
478 -1.2632
480 -1.264
482 -1.25027
484 -1.25747
486 -1.25907
488 -1.26493
490 -1.29187
492 -1.2932
494 -1.29613
496 -1.28827
498 -1.29267
