1 0.0914567
1.01 0.0978813
1.02 0.093201
1.03 0.12209
1.04 0.141284
1.05 0.109646
1.06 0.117335
1.07 0.236023
1.08 0.193917
1.09 0.143148
1.1 0.15843
1.11 0.15655
1.12 0.171047
1.13 0.165824
1.14 0.209757
1.15 0.198686
1.16 0.231839
1.17 0.207121
1.18 0.256591
1.19 0.181254
1.2 0.228662
1.21 0.257228
1.22 0.308146
1.23 0.265146
1.24 0.317858
1.25 0.272218
1.26 0.328683
1.27 0.35542
1.28 0.325714
1.29 0.420286
1.3 0.376829
1.31 0.43022
1.32 0.38961
1.33 0.461671
1.34 0.446538
1.35 0.421612
1.36 0.49857
1.37 0.49177
1.38 0.516921
1.39 0.524909
1.4 0.579525
1.41 0.560217
1.42 0.629688
1.43 0.574993
1.44 0.596231
1.45 0.599929
1.46 0.713122
1.47 0.6816
1.48 0.736988
1.49 0.69384
1.5 0.751243
1.51 0.780047
1.52 0.740732
1.53 0.815851
1.54 0.861302
1.55 0.850462
1.56 0.940075
1.57 0.91779
1.58 0.952558
1.59 1.0457
1.6 0.974646
1.61 1.03985
1.62 1.05762
1.63 1.03904
1.64 1.06611
1.65 1.12719
1.66 1.12898
1.67 1.21821
1.68 1.1324
1.69 1.23262
1.7 1.26016
1.71 1.30168
1.72 1.36017
1.73 1.39772
1.74 1.33471
1.75 1.37782
1.76 1.38558
1.77 1.46368
1.78 1.50678
1.79 1.56209
1.8 1.51582
1.81 1.58278
1.82 1.58765
1.83 1.60901
1.84 1.67461
1.85 1.67129
1.86 1.77164
1.87 1.69583
1.88 1.75074
1.89 1.74615
1.9 1.82799
1.91 1.76553
1.92 1.82003
1.93 1.82383
1.94 1.92633
1.95 1.83824
1.96 1.96928
1.97 2.00261
1.98 1.89213
1.99 1.90062
2 1.98801
2.01 1.99529
2.02 1.956
2.03 1.96998
2.04 1.98851
2.05 1.95267
2.06 1.98645
2.07 1.94018
2.08 1.94978
2.09 1.99359
2.1 1.83569
2.11 1.85517
2.12 1.90484
2.13 1.85446
2.14 1.82997
2.15 1.7978
2.16 1.78932
2.17 1.72326
2.18 1.67166
2.19 1.65525
2.2 1.70741
2.21 1.56662
2.22 1.54297
2.23 1.49038
2.24 1.49234
2.25 1.49188
2.26 1.41113
2.27 1.41913
2.28 1.31557
2.29 1.29955
2.3 1.2706
2.31 1.1947
2.32 1.20395
2.33 1.16913
2.34 1.15631
2.35 1.0986
2.36 1.09803
2.37 1.06412
2.38 1.03889
2.39 1.00959
2.4 0.999368
2.41 0.960024
2.42 0.934026
2.43 0.902102
2.44 0.859311
2.45 0.848729
2.46 0.836526
2.47 0.801853
2.48 0.820041
2.49 0.781733
2.5 0.775869
2.51 0.760147
2.52 0.748152
2.53 0.695156
2.54 0.697648
2.55 0.725639
2.56 0.695519
2.57 0.696947
2.58 0.667407
2.59 0.633356
2.6 0.615641
2.61 0.652885
2.62 0.605803
2.63 0.592236
2.64 0.606018
2.65 0.599886
2.66 0.566451
2.67 0.572485
2.68 0.549611
2.69 0.537287
2.7 0.542371
2.71 0.540253
2.72 0.545425
2.73 0.529291
2.74 0.524417
2.75 0.520301
2.76 0.50039
2.77 0.499132
2.78 0.507575
2.79 0.48834
2.8 0.480919
2.81 0.471815
2.82 0.46459
2.83 0.472266
2.84 0.437641
2.85 0.441656
2.86 0.441053
2.87 0.438141
2.88 0.448047
2.89 0.425401
2.9 0.433033
2.91 0.425419
2.92 0.416516
2.93 0.400889
2.94 0.404365
2.95 0.401466
2.96 0.395283
2.97 0.400619
2.98 0.404302
2.99 0.385381
3 0.394435
3.01 0.386714
3.02 0.374124
3.03 0.380534
3.04 0.373092
3.05 0.377821
3.06 0.358752
3.07 0.366196
3.08 0.3537
3.09 0.361201
3.1 0.361023
3.11 0.344645
3.12 0.342104
3.13 0.340519
3.14 0.338236
3.15 0.335371
3.16 0.335142
3.17 0.344983
3.18 0.326173
3.19 0.324428
3.2 0.318592
3.21 0.310184
3.22 0.323682
3.23 0.318221
3.24 0.305252
3.25 0.311689
3.26 0.297226
3.27 0.294558
3.28 0.300373
3.29 0.297012
3.3 0.303605
3.31 0.295033
3.32 0.286709
3.33 0.292022
3.34 0.282765
3.35 0.281905
3.36 0.275206
3.37 0.289621
3.38 0.273672
3.39 0.285992
3.4 0.270787
3.41 0.255319
3.42 0.260753
3.43 0.264109
3.44 0.260782
3.45 0.257395
3.46 0.254287
3.47 0.262961
3.48 0.263151
3.49 0.253639
3.5 0.242716
3.51 0.256301
3.52 0.248856
3.53 0.249914
3.54 0.255241
3.55 0.24277
3.56 0.241911
3.57 0.239002
3.58 0.234593
3.59 0.238114
3.6 0.231488
3.61 0.235001
3.62 0.247776
3.63 0.228723
3.64 0.230847
3.65 0.22853
3.66 0.227741
3.67 0.229492
3.68 0.222217
3.69 0.231433
3.7 0.222948
3.71 0.216845
3.72 0.217065
3.73 0.227809
3.74 0.221818
3.75 0.214569
3.76 0.206699
3.77 0.208776
3.78 0.207611
3.79 0.206619
3.8 0.202346
3.81 0.203714
3.82 0.206413
3.83 0.20295
3.84 0.203586
3.85 0.20118
3.86 0.1974
3.87 0.197223
3.88 0.195127
3.89 0.189596
3.9 0.193995
3.91 0.193777
3.92 0.18741
3.93 0.192074
3.94 0.194294
3.95 0.193936
3.96 0.186919
3.97 0.186088
3.98 0.183521
3.99 0.185048
4 0.186662